1.3928326450040913 281.81395932099986
1.5759647930026404 276.1045924739956
1.5848487359980936 274.24973486700037
1.3905990979983471 281.8680967120017
1.5956218559949775 280.59625052000047
1.6263083169978927 277.7146271870006
1.88500095600466 283.9172892390052
1.355776030002744 275.66509492900514
1.4539771720010322 281.16942270100117
1.374487114000658 289.6694061399976
1.8403463020003983 352.65101886200137
1.531411255004059 358.85047851700074
1.4373561879983754 332.4706177609987
1.5185563470004126 335.3354383199985
1.4705173070033197 334.8330636739993
1.4847898230000283 363.3900300450041
1.5762335370018263 350.74458743000287
1.6069379199980176 364.91076467699895
1.4047017250049976 349.9978511570007
1.6123248690055334 366.71554444399953
