1.7687578750010289 509.74587633400006
1.8185345470010361 510.3028313199975
2.022111341000709 527.4511982779986
1.7787898509996012 523.8358889920019
1.8641430190000392 514.631100098999
1.8357693879988801 523.8722870950005
1.749527334002778 535.7125897299993
1.8169695340002363 563.9648152780028
2.1467949709985987 725.3825644900026
2.4838694509999186 811.8839746500016
2.266234466002061 549.7638401379991
1.8136919630014745 615.5373508179982
2.216372386999865 671.1404415430006
2.4341144150021137 670.9889051970022
1.770360709997476 517.9824310999975
1.7573082679991785 508.57151770999917
1.8094064600009006 499.5888149370003
1.7944903950010485 477.76526913699854
1.7235216599983687 450.0413415999974
1.7202877459967567 442.47022303799895
