0.4558333729996775 38.018032031000075
0.445599176000087 37.56808052699989
0.39736360500000956 39.29316244000029
0.38589256600016597 39.54575113100009
0.37448658499988596 39.272649939000075
0.3738387530002001 39.39681601099983
0.383612562000053 38.357492932999776
0.4655735419996745 39.2312250140003
0.36907093500030896 38.603934945999754
0.43689203700023427 37.87434284600022
0.3606914969996069 38.66138403600007
0.37733244299988655 38.60630500199977
0.4218421989999115 39.498225359000116
0.4116730259997894 40.14255542200044
0.4074346229999719 40.07917312699965
0.37867868400007865 40.009849226999904
0.3676495100003194 38.92724202299996
0.3810248049999245 39.340290551999715
0.37757280300002094 40.055971536000015
0.3872728639998968 40.84243441599983
