1.4240849269990576 191.29931664600008
1.366935864003608 190.63041125200107
1.484220712998649 189.5736827830042
1.5005509150068974 176.83058521000203
1.6415121450045262 155.74890401399898
1.180676666997897 152.78177860000142
1.01538820299902 154.0442153699987
0.9994603310042294 152.993111881995
1.2061633819976123 156.9240523240005
1.7929489309972269 158.4565624359966
1.3415072490024613 159.48507576300472
1.1146657390054315 176.28673854000226
1.7490700950002065 173.28735019199667
1.3024293400012539 178.99342663700372
1.1977178209999693 173.6795473029997
1.6151500809937716 184.8425727979993
1.3019459679999272 177.53339344399865
1.5180173720000312 176.5415993469942
1.1336303960051737 170.3877027109993
1.53965274499933 176.91941344699444
